1 113 198			
2 3 211 216		
3 2 207		
4 5 217 299		
5 4 213			
6 7 277			
7 6 8 275		
8 7 275			
9 36 238			
10 11 170			
11 10 36 167		
12 190 286			
13 240 286			
14 328				
15 225 327			
16 225 289			
17 269 326			
18 199 301
19 20 250			
20 19 245			
21 228 229 254		
22 245 301			
23 24 274			
24 23 259			
25 260 272 330		
26 271 272			
27 259 272			
28 29 30			
29 28 34			
30 28 221 278		
31 33 141 221		
32 34 35			
33 31 34			
34 29 32 33		
35 32				
36 9 11 264 329	
37 38 105				
38 37 41				
39 40 41			
40 39 288			
41 38 39			
42 143 222			
43 47 143 284		
44 45 96 284		
45 44 143 284		
46 283 285			
47 43 285			
48 322 324			
49 56 57 68		
50 314 315			
51 65 68			
52 53 54			
53 52 306			
54 52 58			
55 69 295			
56 49 58			
57 49 64			
58 54 56 69		
59 60 304 307		
60 59 61 304		
61 60 62			
62 61 63 66		
63 62 64			
64 57 63			
65 51 306 310		
66 62 307 310		
67 295 296			
68 49 51			
69 55 58			
70 71 302 303		
71 70 72 303		
72 71 118 128		
73 74 220			
74 73 280			
75 281 282			
76 220 282			
77 78				
78 77 269			
79 226 283			
80 81 322			
81 80 84 313		
82 313 317			
83 84 296 324		
84 81 83 315		
85 316 321			
86 309 311 314		
87 146 318			
88 106 146			
89 308 312			
90 319 320			
91 305 319			
92 286 287			
93 94 290			
94 93 283			
95 98 101			
96 44 99 287		
97 285 291			
98 95 99			
99 96 98			
100 101 102 286		
101 95 100 288		
102 100 242			
103 104 166			
104 103 105			
105 37 104 242		
106 88 197 230		
107 150 152			
108 196 197			
109 198 231			
110 195 305			
111 112 113			
112 111 232 233		
113 1 111 233		
114 232 255			
115 199 247			
116 255 256			
117 247 255			
118 72 292 303		
119 255 257			
120 232 304			
121 125 302			
122 126 127 244		
123 257 303			
124 126 127 128 129	
125 121 127 128		
126 122 124			
127 122 124 125		
128 72 124 125		
129 124 162 292		
130 135 300			
131 133 206			
132 206 238			
133 131 302			
134 205 238 271		
135 130 302			
136 200 301			
137 297 298			
138 139 278			
139 138 140			
140 139 276			
141 31 259			
142 281 287			
143 42 43 45		
144 160 291			
145 311 313 323		
146 87 88 321 319	
147 149 151 230		
148 149 151			
149 147 148 152		
150 107 153			
151 147 148 321		
152 107 149 230		
153 150				
154 155 156 254		
155 154 252 256		
156 154 157			
157 156 252			
158 294 303 304		
159 292 294			
160 144 164 267 296	
161 265 266			
162 129 163 293		
163 162 164 293		
164 160 163 293		
165 167 244			
166 103 168 244 293	
167 11 165 243		
168 166 243			
169 170 263 264		
170 10 169 243 264	
171 174 176			
172 174 260			
173 175 174			
174 171 172 173 179	
175 173 258			
176 171 177			
177 176 178 263		
178 177 179			
179 174 178			
180 182 183 258		
181 182 183 280		
182 180 181 261		
183 180 181 279		
184 186 190 241		
185 188 189 239		
186 184 188	241	
187 188 189 240		
188 185 187 186		
189 185 187			
190 12 184 192 242	
191 193 240			
192 190 193			
193 191 192			
194 326 328			
195 110 196 233		
196 108 195			
197 106 108 305		
198 1 109			
199 18 115 257		
200 136 202 297		
201 202 246			
202 201 200			
203 204 274			
204 203 271 273		
205 134 237			
206 131 132			
207 3 208 213 270	
208 207 214 215 236	
209 236 237			
210 270 273			
211 2 216 217		
212 214 299 300		
213 5 207 214		
214 208 212 213		
215 208 300			
216 2 211 218 219	
217 4 211 218		
218 216 217			
219 216 276 277		
220 73 76			
221 30 31			
222 42 223 288		
223 222 224			
224 223 288 291		
225 15 16			
226 79 328			
227 248 251 253		
228 21 253			
229 21 253			
230 106 147 152		
231 109				
232 112 114 120		
233 112 113 195		
234 235 270 273		
235 234 236 237		
236 208 209 235 270	
237 205 209 235		
238 9 132 134		
239 185 262 282		
240 13 187 191 281	
241 184 186 262		
242 102 105 190		
243 167 168 170		
244 122 165 166		
245 20 22 246		
246 201 245			
247 115 117 250		
248 227 249 250 251	
249 248 251			
250 19 247 248 251	
251 227 248 249 250	
252 155 157			
253 227 228 229		
254 21 154 256		
255 114 116 117 119	
256 116 155 254		
257 119 123 199		
258 175 180 261		
259 24 27 141		
260 25 172 264 330
261 182 258			
262 239 241 263		
263 169 177 262		
264 36 169 170 260 330
265 161 268 289		
266 161 267 268		
267 160 266 290		
268 265 266 290		
269 17 78 325		
270 207 210 234 236	
271 26 134 204 274	
272 25 26 27		
273 204 210 234		
274 23 203 271 275	
275 7 8 274 277	
276 140 219 277		
277 6 219 275 276	
278 30 138			
279 183 280			
280 74 181 279		
281 75 142 240		
282 75 76 239		
283 46 79 94		
284 43 44 45		
285 46 47 97		
286 12 13 92 100	
287 92 96 142		
288 40 101 222 224	
289 16 265 324		
290 93 267 268 291	
291 97 144 224 290	
292 118 129 159		
293 162 163 164 166	
294 158 159 295		
295 55 67 163 294	
296 67 83 160 324	
297 137 200			
298 137 299			
299 4 212 298		
300 130 212 215		
301 18 22 136 302	
302 70 121 133 135 301
303 70 118 123 158	
304 59 60 120 158	
305 91 110 197 308	
306 53 65 309 314	
307 59 66 308		
308 89 305 307		
309 86 306 312 320	
310 65 66 312		
311 86 145			
312 89 309 310 319	
313 81 82 145		
314 50 86 306		
315 50 84			
316 85 318			
317 82 323 325		
318 87 316 320		
319 90 91 146 312	
320 90 309 318 323	
321 85 146 151		
322 48 80 325		
323 145 317 320		
324 48 83 289 296	
325 269 317 322		
326 17 194 327		
327 15 326 328		
328 14 194 226 327	
329 36 330			
330 25 260 264 329	