


(35.887091, 128.6067)
1

(35.892503, 128.61031)
2

(35.892313, 128.61031)
3

(35.892263, 128.60988)
4

(35.892149, 128.61001)
5

(35.89334, 128.61118)
6

(35.893345, 128.61145)
7

(35.893448, 128.61178)
8

(35.89115, 128.61228)
9

(35.89099, 128.61297)
10
	
(35.890985, 128.61267)
11

(35.889416, 128.61473)
12

(35.889498, 128.61537)
13

(35.885261, 128.61465)
14

(35.886179, 128.61427)
15

(35.887094, 128.61404)
16

(35.885898, 128.61351)
17

(35.889961, 128.60853)
18

(35.890546, 128.60728)
19

(35.890754, 128.60751)
20

(35.889196, 128.60511)
21

(35.890654, 128.60824)
22

(35.892968, 128.61217)
23

(35.89296, 128.61272)
24

(35.892148, 128.61305)
25

(35.892362, 128.61231)
26

(35.892469, 128.61298)
27

(35.894346, 128.61339)
28

(35.894048, 128.61348)
29

(35.89424, 128.61274)
30

(35.89357, 128.61291)
31

(35.893765, 128.61379)
32

(35.893604, 128.61312)
33

(35.893714, 128.61358)
34

(35.893826, 128.61408)
35

(35.89124, 128.61261)
36

(35.889188, 128.61364)
37

(35.889106, 128.61375)
38

(35.888801, 128.61434)
39

(35.888684, 128.61448)
40

(35.888998, 128.61402)
41

(35.888276, 128.61545)
42

(35.888088, 128.61602)
43

(35.888255, 128.61615)
44

(35.888352, 128.61591)
45

(35.887085, 128.61558)
46

(35.887822, 128.6159)
47

(35.887325, 128.61326)
48

(35.888559, 128.61078)
49

(35.88788, 128.61164)
50

(35.888155, 128.6107)
51

(35.888163, 128.61106)
52

(35.888032, 128.61104)
53

(35.888298, 128.61108)
54

(35.888433, 128.61151)
55

(35.888518, 128.61107)
56

(35.88862, 128.61059)
57

(35.888383, 128.61117)
58

(35.888336, 128.6092)
59

(35.888529, 128.60944)
60

(35.888261, 128.60956)
61

(35.888234, 128.60996)
62

(35.888215, 128.61032)
63

(35.88854, 128.61039)
64

(35.8879, 128.61064)
65

(35.887916, 128.60993)
66

(35.888351, 128.61209)
67

(35.888429, 128.61074)
68

(35.888338, 128.61133)
69

(35.889862, 128.60963)
70

(35.889679, 128.60977)
71

(35.889587, 128.61021)
72

(35.891228, 128.6155)
73

(35.89157, 128.61531)
74

(35.889852, 128.61608)
75

(35.890509, 128.6159)
76

(35.88659, 128.61334)
77

(35.886338, 128.61331)
78

(35.886212, 128.61527)
79

(35.887355, 128.61256)
80

(35.887386, 128.61215)
81

(35.886922, 128.61227)
82

(35.887673, 128.61272)
83

(35.887633, 128.61217)
84

(35.886388, 128.61064)
85

(35.88753, 128.6112)
86

(35.886689, 128.61067)
87

(35.886645, 128.60961)
88

(35.887552, 128.60966)
89

(35.887041, 128.61068)
90

(35.887097, 128.60964)
91

(35.888984, 128.61572)
92

(35.887458, 128.61458)
93

(35.887036, 128.61518)
94

(35.888821, 128.6153)
95

(35.8885, 128.6163)
96

(35.887777, 128.61504)
97

(35.888892, 128.61536)
98

(35.888693, 128.61583)
99

(35.889192, 128.61498)
100

(35.888986, 128.6149)
101

(35.889309, 128.61464)
102

(35.889702, 128.61282)
103

(35.889651, 128.61331)
104

(35.88952, 128.61382)
105

(35.886616, 128.60904)
106

(35.885978, 128.60903)
107

(35.88673, 128.60844)
108

(35.887267, 128.60569)
109

(35.887103, 128.60845)
110

(35.887321, 128.60724)
111

(35.887517, 128.60741)
112

(35.887133, 128.60704)
113

(35.888664, 128.60715)
114

(35.889678, 128.60773)
115

(35.888975, 128.60625)
116

(35.889421, 128.60701)
117

(35.889391, 128.61017)
118

(35.889242, 128.60778)
119

(35.888538, 128.60829)
120

(35.889885, 128.61024)
121

(35.88982, 128.61173)
122

(35.889467, 128.60901)
123

(35.889506, 128.61138)
124

(35.889829, 128.61088)
125

(35.889531, 128.61172)
126

(35.88983, 128.61137)
127

(35.88951, 128.61086)
128

(35.889217, 128.61139)
129

(35.891167, 128.61007)
130

(35.890439, 128.6106)
131

(35.890915, 128.61168)
132

(35.890348, 128.61009)
133

(35.891172, 128.61162)
134

(35.890922, 128.60999)
135

(35.890943, 128.60889)
136

(35.89203, 128.60926)
137

(35.89454, 128.61216)
138

(35.894251, 128.61166)
139

(35.893885, 128.6112)
140

(35.893366, 128.61293)
141

(35.888991, 128.61653)
142

(35.888167, 128.61579)
143

(35.88852, 128.61349)
144

(35.887169, 128.61162)
145

(35.886693, 128.61019)
146

(35.886412, 128.60933)
147

(35.886257, 128.60958)
148

(35.886253, 128.60934)
149

(35.885702, 128.60902)
150

(35.886405, 128.60959)
151

(35.886257, 128.60903)
152

(35.885686, 128.60947)
153

(35.888998, 128.60469)
154

(35.888704, 128.60476)
155

(35.888975, 128.60433)
156

(35.888744, 128.604049)
157

(35.888897, 128.60936)
158

(35.889041, 128.61057)
159

(35.888853, 128.61251)
160

(35.888077, 128.61287)
161

(35.889202, 128.61168)
162

(35.889023, 128.6119)
163

(35.889048, 128.61227)
164

(35.89024, 128.61227)
165

(35.889514, 128.61221)
166

(35.890605, 128.61261)
167

(35.890064, 128.61267)
168

(35.891024, 128.61365)
169

(35.890946, 128.61329)
170

(35.891915, 128.61395)
171

(35.892035, 128.61347)
172

(35.892224, 128.61381)
173

(35.892031, 128.61369)
174

(35.892298, 128.61399)
175

(35.891561, 128.61414)
176

(35.89132, 128.61426)
177

(35.89146, 128.61397)
178

(35.89163, 128.61368)
179

(35.892171, 128.61452)
180

(35.892151, 128.6149)
181

(35.89229, 128.61484)
182

(35.892035, 128.6146)
183

(35.889968, 128.6144)
184

(35.890066, 128.61539)
185

(35.890036, 128.61485)
186

(35.889781, 128.61563)
187

(35.889941, 128.61531)
188

(35.889925, 128.61571)
189

(35.889596, 128.61435)
190

(35.889829, 128.61523)
191

(35.889817, 128.61456)
192

(35.889899, 128.61486)
193

(35.885344, 128.6142)
194

(35.887104, 128.60789)
195

(35.886737, 128.60791)
196

(35.886768, 128.60904)
197

(35.887163, 128.6063)
198

(35.889654, 128.60843)
199

(35.891258, 128.60899)
200

(35.891108, 128.60851)
201

(35.891335, 128.60859)
202

(35.892705, 128.61138)
203

(35.892389, 128.61107)
204

(35.891197, 128.6113)
205

(35.890622, 128.61109)
206

(35.891983, 128.61029)
207

(35.891817, 128.61028)
208

(35.891571, 128.61043)
209

(35.892241, 128.61046)
210

(35.89257, 128.6102)
211

(35.891708, 128.60987)
212

(35.891992, 128.61005)
213

(35.891816, 128.61004)
214

(35.891538, 128.61025)
215

(35.892783, 128.61014)
216

(35.892359, 128.60998)
217

(35.892476, 128.60987)
218

(35.893142, 128.61051)
219

(35.890781, 128.61574)
220

(35.893907, 128.61283)
221

(35.888403, 128.61513)
222

(35.888243, 128.61501)
223

(35.888426, 128.61456)
224

(35.886715, 128.61425)
225

(35.885639, 128.61504)
226

(35.889956, 128.60573)
227

(35.889282, 128.60566)
228

(35.889302, 128.60514)
229

(35.886429, 128.60905)
230

(35.887291, 128.6049)
231

(35.888329, 128.60728)
232

(35.887139, 128.60752)
233

(35.891977, 128.61088)
234

(35.891809, 128.61087)
235

(35.891817, 128.61039)
236

(35.89157, 128.61084)
237

(35.891088, 128.6119)
238

(35.890309, 128.61554)
239

(35.889675, 128.61556)
240

(35.890155, 128.61449)
241

(35.889446, 128.61418)
242

(35.89058, 128.613)
243

(35.889811, 128.61191)
244

(35.89076, 128.60774)
245

(35.891238, 128.60786)
246

(35.889701, 128.60702)
247

(35.890054, 128.60613)
248

(35.890366, 128.606124)
249

(35.890198, 128.60704)
250

(35.890063, 128.60614)
251

(35.888481, 128.604043)
252

(35.889447, 128.60577)
253

(35.889014, 128.60508)
254

(35.889092, 128.607)
255

(35.888907, 128.60546)
256

(35.889386, 128.60847)
257

(35.892418, 128.61437)
258

(35.892956, 128.61298)
259

(35.892031, 128.61324)
260

(35.892556, 128.614725)
261

(35.890644, 128.61477)
262

(35.890952, 128.61398)
263

(35.891337, 128.61322)
264

(35.887496, 128.61383)
265

(35.888289, 128.61283)
266

(35.888471, 128.61298)
267

(35.887619, 128.61394)
268

(35.886223, 128.61312)
269

(35.891993, 128.61039)
270

(35.892373, 128.61174)
271

(35.892304, 128.61282)
272

(35.892358, 128.61073)
273

(35.892979, 128.61177)
274

(35.893154, 128.61173)
275

(35.893398, 128.61068)
276

(35.893167, 128.61095)
277

(35.894822, 128.61243)
278

(35.891906, 128.61464)
279

(35.892039, 128.61501)
280

(35.889473, 128.61614)
281

(35.890171, 128.61601)
282

(35.886685, 128.61541)
283

(35.888188, 128.61608)
284

(35.887479, 128.6157)
285

(35.889263, 128.61515)
286

(35.888707, 128.61642)
287

(35.888604, 128.61468)
288

(35.887351, 128.61371)
289

(35.887768, 128.61407)
290

(35.888113, 128.6143)
291

(35.889331, 128.61062)
292

(35.889249, 128.61207)
293

(35.888758, 128.61049)
294

(35.888614, 128.61161)
295

(35.888076, 128.61258)
296

(35.891531, 128.60908)
297

(35.892228, 128.6095)
298

(35.892093, 128.60967)
299

(35.891421, 128.61004)
300

(35.890485, 128.60875)
301

(35.89024, 128.60974)
302

(35.889523, 128.60955)
303

(35.888734, 128.60931)
304

(35.887112, 128.60906)
305

(35.887895, 128.61101)
306

(35.887947, 128.60912)
307

(35.887557, 128.60909)
308

(35.887525, 128.61099)
309

(35.887904, 128.61023)
310

(35.88721, 128.6112)
311

(35.887535, 128.61022)
312

(35.887189, 128.61215)
313

(35.887886, 128.61122)
314

(35.88784, 128.61213)
315

(35.886379, 128.61112)
316

(35.88682, 128.61223)
317

(35.886662, 128.61112)
318

(35.887045, 128.61022)
319

(35.887033, 128.61115)
320

(35.886398, 128.61019)
321

(35.887236, 128.61279)
322

(35.887014, 128.61162)
323

(35.887496, 128.61344)
324

(35.886565, 128.61274)
325

(35.885622, 128.61392)
326

(35.885779, 128.61428)
327

(35.885495, 128.61454)
328

(35.891665, 128.61256)
329

(35.89172, 128.61299)
330